> make_corr_p_value_matrix("better_correlation_data/cocomac_for_corr_IS.csv", method="pearson")
      [,1]         [,2]         [,3]         [,4]         [,5]        
 
 
 
 
 















> make_corr_p_value_matrix("better_correlation_data/cocomac_for_corr_RW.csv", method="pearson")
      [,1]         [,2]        [,3]         [,4]         [,5]        
 
 
 
 
 















> make_corr_p_value_matrix("better_correlation_data/monkey91_for_corr_IS.csv", method="pearson")
      [,1]         [,2]         [,3]         [,4]         [,5]        
 
 
 
 
 















> make_corr_p_value_matrix("better_correlation_data/monkey91_for_corr_RW.csv", method="pearson")
      [,1]         [,2]         [,3]         [,4]         [,5]        
 
 
 
 
 















> make_corr_p_value_matrix("better_correlation_data/threshmouse_for_corr_IS.csv", method="pearson")
      [,1]         [,2]         [,3]         [,4]         [,5]         
 
 
 
 
 















> make_corr_p_value_matrix("better_correlation_data/threshmouse_for_corr_RW.csv", method="pearson")
      [,1]         [,2]         [,3]         [,4]         [,5]        
 
 
 
 
 
















%----------------------------------------------------------------------
%----------------------------------------------------------------------
%----------------------------------------------------------------------
%----------------------------------------------------------------------
%----------------------------------------------------------------------
%----------------------------------------------------------------------





















































































% Influence vs. In Degree 
[1,] -0.5067358   -0.5230909   -0.5290222   -0.5298036   -0.5128546  
[1,] 0.01030276   -0.07644392 -0.3418042   -0.450261    -0.5505172  
[1,] -0.9356863   -0.9353327   -0.8944474   -0.8574319   -0.8419666  
[1,] -0.8205764   -0.8476014   -0.9809867   -0.9914599   -0.9942884  
[1,] -0.27423     -0.2721152   -0.2432232   -0.2395987   -0.1791202   
[1,] -0.1510488   -0.1452869   -0.5469349   -0.6291257   -0.7003716  

[2,] 2.145656e-13 2.584441e-14 1.16587e-14  1.048587e-14 9.849337e-14
[2,] 0.8896044    0.302363    2.047588e-06 1.428412e-10 5.695436e-16
[2,] 4.873947e-42 6.172775e-42 7.338869e-33 2.049929e-27 1.406555e-25
[2,] 2.435354e-23 3.182051e-26 3.659785e-65 1.559253e-80 2.785321e-88
[2,] 5.185619e-05 5.953368e-05 0.0003512061 0.0004325448 0.008954573  
[2,] 0.02788268   0.03450398   6.153579e-18 9.173693e-25 1.3842e-32  


% Influence vs. Out Degree 
[3,] -0.2247399   -0.2514445   -0.2532274   -0.25532     -0.2433915  
[3,] 0.1220398    0.06420708  -0.1664006   -0.2540701   -0.3557957  
[3,] 0.1048528    0.1177743    0.2234229    0.292105     0.3154193   
[3,] -0.1276368   -0.1313422   -0.1640887   -0.155406    -0.1453444  
[3,] 0.5741205    0.5436752    0.5852051    0.5926335    0.6480436    
[3,] 0.1132809    0.1057575    0.1442159    0.09711735   0.05672981  

[4,] 0.00216163   0.0005752989 0.0005238839 0.0004689685 0.0008708587
[4,] 0.09887722   0.3865418   0.02397383   0.0005010899 7.176893e-07
[4,] 0.3225972    0.2662074    0.03326709   0.004961301  0.002323265 
[4,] 0.2279392    0.21461      0.1201313    0.1413078    0.1692425   
[4,] 5.512305e-20 1.052853e-17 7.089833e-21 1.715715e-21 1.22735e-26  
[4,] 0.09998181   0.1247699    0.03587141   0.1588285    0.4112039   


% Influence vs. Closeness Centrality
[5,] -0.303942    -0.3699783   -0.3272261   -0.3298805   -0.3103323  
[5,] -0.009921724 -0.1487975  -0.3029159   -0.3735418   -0.4459092  
[5,] -0.9659972   -0.9633755   -0.923564    -0.8895754   -0.8765357  
[5,] -0.808576    -0.837572    -0.9721879   -0.9861216   -0.9915606  
[5,] -0.4873877   -0.5015311   -0.5014187   -0.4988201   -0.4378934   
[5,] -0.05731103  -0.09942469  -0.4270962   -0.4979422   -0.5676694  

[6,] 2.735497e-05 2.353073e-07 5.790078e-06 4.810567e-06 1.809451e-05
[6,] 0.8936628    0.04381366  2.920583e-05 1.762997e-07 2.247582e-10
[6,] 4.54489e-54  1.170476e-52 8.114385e-39 4.900431e-32 5.24573e-30 
[6,] 3.281958e-22 4.307992e-25 6.786326e-58 3.367169e-71 9.216824e-81
[6,] 4.769594e-14 6.640808e-15 6.748059e-15 9.759338e-15 2.41525e-11  
[6,] 0.4064199    0.1491153    8.264411e-11 1.104704e-14 1.755534e-19


% Influence vs. Betweenness Centrality
[7,] -0.3508149   -0.358843    -0.369933    -0.375798    -0.3721378  
[7,] -0.007000943 -0.08247554 -0.2731688   -0.3613984   -0.4548799  
[7,] -0.8001684   -0.8027371   -0.7671172   -0.7328259   -0.7173447  
[7,] -0.7524747   -0.7829376   -0.8895612   -0.8945713   -0.8978071  
[7,] 0.1078196    0.1138621    0.1525914    0.1666392    0.2280848    
[7,] -0.05277648  -0.1221243   -0.2598447   -0.3121164   -0.3648632  

[8,] 1.048431e-06 5.673361e-07 2.36166e-07  1.465829e-07 1.976195e-07
[8,] 0.9248554    0.2656973   0.0001755692 4.649438e-07 8.766964e-11
[8,] 1.824682e-21 1.089859e-21 7.564976e-19 1.492603e-16 1.253154e-15
[8,] 8.026495e-18 4.818409e-20 4.926864e-32 6.984386e-33 1.87559e-33 
[8,] 0.117545     0.09824201   0.02630666   0.01514193   0.0008212327 
[8,] 0.4446129    0.07601495   0.0001297291 3.588379e-06 4.478717e-08


% Redundancy vs. In Degree
[9,] -0.243331    -0.2730811   -0.377439    -0.3317767   -0.2948405  
[9,] -0.1918469   -0.2055615  -0.2002566   -0.1983024   -0.1961912  
[9,] -0.2939908   -0.2895031   -0.3939538   -0.2274509   -0.1586831  
[9,] -0.1336711   -0.1205887   -0.01858502  0.2331294    0.395346    
[9,] -0.2295125   -0.1920637   -0.26127     -0.2764219   -0.2651384   
[9,] -0.2555538   -0.211928    -0.2158502   -0.2304797   -0.2475533  

[10,] 0.00087353   0.0001764484 1.280538e-07 4.209517e-06 4.847856e-05
[10,] 0.00908383   0.0051209   0.006419141  0.006966839  0.007604988 
[10,] 0.004676417  0.005379648  0.0001117298 0.03013939   0.1330064   
[10,] 0.2065206    0.2548693    0.8611944    0.02615458   0.0001051119
[10,] 0.0007597553 0.005014051  0.000118736  4.488802e-05 9.313331e-05 
[10,] 0.0001688482 0.001917017  0.001569052  0.0007205528 0.0002727018


% Redundancy vs. Out Degree
[11,] -0.09399936  -0.09267755  -0.2891839   -0.295891    -0.2929902  
[11,] -0.2505736   -0.2632163  -0.2658021   -0.2695894   -0.2732296  
[11,] -0.4845775   -0.4968789   0.5572738    0.4638722    0.3948188   
[11,] 0.1739287    -0.02212622  -0.1772207   0.04923206   -0.05026488 
[11,] 0.2482525    0.4223051    0.3350149    0.2851496    0.1516079    
[11,] -0.1947523   -0.1851724   -0.2164653   -0.2398338   -0.2704498  

[12,] 0.2043725    0.2108371    6.852448e-05 4.542445e-05 5.433245e-05
[12,] 0.0006020716 0.000306225 0.0002655609 0.0002149862 0.0001749612
[12,] 1.13208e-06  5.451124e-07 9.620253e-09 3.639107e-06 0.000107574 
[12,] 0.09918231   0.8350897    0.09285268   0.6430541    0.6360939   
[12,] 0.0002616749 1.407001e-10 5.910411e-07 2.496264e-05 0.02730238   
[12,] 0.004424803  0.006858622  0.001520053  0.0004267812 6.631847e-05


% Redundancy vs. Closeness Centrality
[13,] -0.1472656   -0.1638038   -0.1513601   -0.1409418   -0.1298159  
[13,] -0.0943929   -0.1117989  -0.1023954   -0.1006665   -0.09947802 
[13,] -0.3006911   -0.298078    -0.4091046   -0.2367899   -0.1653795  
[13,] -0.1747231   -0.1476092   -0.03850992  0.2432619    0.4260753   
[13,] -0.4493588   -0.3284467   -0.5874077   -0.6035811   -0.6086911   
[13,] -0.3010494   -0.255045    -0.2616799   -0.2723077   -0.2861147  

[14,] 0.04605544   0.0262948    0.04026812   0.05634775   0.07902898  
[14,] 0.2024758    0.130809    0.1666247    0.1739381    0.1791021   
[14,] 0.003778337  0.004108423  5.665005e-05 0.02383078   0.1172037   
[14,] 0.09762481   0.1626247    0.7170402    0.02015174   2.544137e-05
[14,] 6.232317e-12 1.006657e-06 4.672801e-21 1.980725e-22 7.025913e-23 
[14,] 8.143892e-06 0.0001741556 0.0001157395 5.87926e-05  2.336596e-05


% Redundancy vs. Betweenness Centrality
[15,] -0.1637672   -0.1130369   -0.2261289   -0.1823132   -0.1582083  
[15,] -0.1019096   -0.09260325 -0.09654876  -0.0992894   -0.1014982  
[15,] -0.2586955   -0.250791    -0.3322763   -0.1930321   -0.1347971  
[15,] -0.08273519  -0.04536504  0.03420807   0.2163041    0.3234497   
[15,] 0.06172298   0.2119542    0.08414061   0.08149186   -0.0006642717
[15,] -0.1301438   -0.08831286  -0.1240174   -0.1476674   -0.1666233  

[16,] 0.02632886   0.1265723    0.002025015  0.01325075   0.03195726  
[16,] 0.1686562    0.2112047   0.1923106    0.179932     0.170391    
[16,] 0.01328684   0.01649494   0.001291587  0.06676746   0.2026885   
[16,] 0.4355845    0.6693848    0.7475229    0.03946239   0.00176371  
[16,] 0.3711936    0.00191448   0.2224545    0.237408     0.9923286    
[16,] 0.05852135   0.2002793    0.07154418   0.03162218   0.01515179  


% Average Age at Death vs. In Degree
[17,] -0.2614684   -0.2607152   -0.3977303   -0.4187877   -0.4259857  
[17,] 0.02848985   -0.067021   -0.3258901   -0.4344256   -0.5388244  
[17,] -0.657489    -0.6300683   -0.9807583   -0.9774081   -0.9626554  
[17,] -0.7278062   -0.7839169   -0.9761173   -0.9913232   -0.99444    
[17,] -0.2501584   -0.2287045   -0.290641    -0.2992532   -0.3547251   
[17,] -0.3163676   -0.4082094   -0.7992106   -0.8161128   -0.8461452  

[18,] 0.0003369086 0.0003509903 2.261826e-08 3.294544e-09 1.653067e-09
[18,] 0.701053     0.366028    6.352058e-06 7.211763e-10 3.022118e-15
[18,] 1.447597e-12 2.209167e-11 6.196419e-65 7.292988e-62 2.740712e-52
[18,] 3.023291e-16 4.032832e-20 8.407879e-61 3.151633e-80 8.436954e-89
[18,] 0.00023369   0.0007940055 1.708252e-05 9.273548e-06 1.108578e-07 
[18,] 2.596006e-06 6.418482e-10 2.557982e-48 6.538119e-52 2.609917e-59


% Average Age at Death vs. Out Degree
[19,] -0.0727589   -0.07698143  -0.1462093   -0.1770087   -0.2083388  
[19,] 0.1342804    0.0699354   -0.1551688   -0.2423644   -0.3484298  
[19,] -0.5046112   -0.524089    -0.06075574  -0.09302298  -0.09137593 
[19,] -0.08204975  -0.1167699   -0.1749655   -0.1573104   -0.1467109  
[19,] 0.3513096    0.4274068    0.506151     0.4225783    0.2808995    
[19,] -0.02044945  -0.1030166   0.006743801  -0.02356464  -0.05303991 

[20,] 0.3263337    0.2989662    0.04765639   0.01622952   0.004539787 
[20,] 0.06917199   0.3455067   0.03544621   0.0009172583 1.254206e-06
[20,] 3.392669e-07 9.742289e-08 0.5672612    0.3804762    0.389004    
[20,] 0.4394102    0.2703353    0.09715331   0.1364375    0.1652261   
[20,] 1.493877e-07 7.981883e-11 3.418678e-15 1.365263e-10 3.330052e-05 
[20,] 0.7672155    0.1348995    0.9222406    0.7330094    0.44234     


% Average Age at Death vs. Closeness Centrality
[21,] -0.1264543   -0.1172803   -0.1387071   -0.182209    -0.1852727  
[21,] 0.009921943  -0.1551586  -0.2896176   -0.3554145   -0.4326713  
[21,] -0.6659244   -0.6381105   -0.9803996   -0.983957    -0.9899117  
[21,] -0.7164837   -0.7737665   -0.9660585   -0.9850248   -0.9911495  
[21,] -0.4554238   -0.3121843   -0.3508704   -0.3410205   -0.3864189   
[21,] -0.2383911   -0.3825953   -0.6801131   -0.6867872   -0.7149195  

[22,] 0.08717479   0.1128521    0.06041121   0.01330427   0.01180662  
[22,] 0.8936605    0.03545847  6.674733e-05 7.389847e-07 8.58498e-10 
[22,] 5.909529e-13 1.021735e-11 1.398592e-64 2.033442e-68 2.501811e-77
[22,] 1.404727e-15 2.443127e-19 4.199834e-54 9.707356e-70 7.586678e-80
[22,] 2.981582e-12 3.570027e-06 1.55189e-07  3.592697e-07 5.858004e-09 
[22,] 0.0004633106 8.495175e-09 3.895398e-30 6.392979e-31 1.783631e-34


% Average Age at Death vs. Betweenness Centrality
[23,] -0.1780979   -0.1263019   -0.3083128   -0.3008154   -0.310592  
[23,] -0.003896564 -0.07028126 -0.2660579   -0.3560658   -0.4529     
[23,] -0.5893024   -0.5770562   -0.863075    -0.8599694   -0.8279287  
[23,] -0.6679223   -0.7194834   -0.886246    -0.8954229   -0.8986117  
[23,] 0.1199852    0.1878187    0.2655507    0.2845748    0.2177334    
[23,] -0.1378565   -0.2734073   -0.4057759   -0.4281761   -0.4615398  

[24,] 0.01557422   0.08755922   2.064055e-05 3.33691e-05  1.778949e-05
[24,] 0.9581338    0.3431206   0.0002618249 7.029576e-07 1.081721e-10
[24,] 7.990163e-10 2.135458e-09 3.864498e-28 9.767945e-28 4.488333e-24
[24,] 4.759355e-13 9.419511e-16 1.70538e-31  4.96215e-33  1.343367e-33
[24,] 0.08133625   0.00608868   9.073337e-05 2.596188e-05 0.001423415  
[24,] 0.0449699    5.472467e-05 8.28234e-10  7.321901e-11 1.396633e-12